#stake     ar       d1       d2       d3      x      y    h   dw rhow   imw   ds rhos   ims  nswe bw_str bs_str ba_str bw_fld bs_fld ba_fld
B01      1993       NA 19930429 19930925 647337 471123  750  1.40 507    NA    NA  NA  2.72    NA    .71  -3.43  -2.72    .71  -3.43  -2.72
B02      1993       NA 19930429 19930925 645324 463885  987  2.46 451    NA   .07 600    NA    NA   1.11  -1.07    .04   1.11  -1.07    .04
B03      1993       NA 19930429 19930923 646463 455773 1210  5.08 451    NA  3.97 600    NA    NA   2.29    .09   2.38   2.29    .09   2.38
B04      1993       NA 19930429 19930924 651336 450228 1346  6.39 449    NA  6.13 600    NA   .07   2.87    .81   3.68   2.87    .88   3.75
B05      1993       NA 19930430 19930925 636128 454349 1198  3.87 450    NA  2.88 600    NA    NA   1.74   -.01   1.73   1.74   -.01   1.73
B06      1993       NA 19930430 19930924 640461 445646 1334  4.75 451    NA  4.32 600    NA    NA   2.14    .45   2.59   2.14    .45   2.59
B07      1993       NA 19930430 19930924 630507 439109 1348  5.05 459    NA  4.75 600    NA    NA   2.32    .53   2.85   2.32    .53   2.85
B08      1993       NA 19930429 19930925 640608 478054  720  1.18 551    NA    NA  NA  3.47    NA    .65  -4.12  -3.47    .65  -4.12  -3.47
B09      1993       NA 19930429 19930925 638732 476716  780  1.30 500    NA    NA  NA  2.79    NA    .65  -3.44  -2.79    .65  -3.44  -2.79
B10      1993       NA 19930429 19930925 637484 472803  866  1.70 459    NA    NA  NA  1.61    NA    .78  -2.39  -1.61    .78  -2.39  -1.61
B11      1993       NA 19930428 19930925 635548 467727  987  2.00 450    NA    NA  NA   .67   .04    .90  -1.57   -.67    .90  -1.53   -.63
B12      1993       NA 19930428 19930925 632053 462518 1087  2.40 450    NA   .18 600    NA    NA   1.08   -.97    .11   1.08   -.97    .11
B13      1993       NA 19930430 19930924 628090 455157 1204  2.96 453    NA  1.08 600    NA    NA   1.34   -.69    .65   1.34   -.69    .65
B14      1993       NA 19930430 19930924 623963 449518 1310  3.71 450    NA  2.75 600    NA    NA   1.67   -.02   1.65   1.67   -.02   1.65
B15      1993       NA 19930430 19930924 619397 443361 1406  3.27 489    NA  2.99 600    NA    NA   1.60    .20   1.79   1.60    .20   1.79
B16      1993       NA 19930430 19930924 610966 434287 1526  4.04 495    NA  4.23 600    NA   .04   2.00    .54   2.54   2.00    .58   2.58
B17      1993       NA 19930501 19930924 620478 459111 1205  2.25 440    NA   .42 600    NA    NA    .99   -.74    .25    .99   -.74    .25
B18      1993       NA 19930501 19930924 615064 453870 1363  3.39 451    NA  2.78 600    NA    NA   1.53    .14   1.67   1.53    .14   1.67
Bor      1993 19921005 19930619 19930908 580244 436027 1437  5.20 537    NA  3.77 600    NA    NA   2.79   -.53   2.26   2.79   -.53   2.26
Bu1-93   1993       NA 19930427       NA 589086 426957 1281  4.71 456    NA    NA  NA    NA    NA   2.15     NA     NA   2.15     NA     NA
D01      1993       NA 19930507 19930928 607778 480476  797   .54 407    NA    NA  NA  3.54    NA    .22  -3.76  -3.54    .22  -3.76  -3.54
D02      1993       NA 19930507 19930928 607757 478367  862  1.64 518    NA    NA  NA  2.73    NA    .85  -3.58  -2.73    .85  -3.58  -2.73
D03      1993       NA 19930507 19930928 606024 476108  972  1.54 500    NA    NA  NA  1.82    NA    .77  -2.59  -1.82    .77  -2.59  -1.82
D04      1993       NA 19930507 19930928 603321 473133 1086  2.91 485    NA    NA  NA   .17    NA   1.41  -1.58   -.17   1.41  -1.58   -.17
D05      1993       NA 19930506 19930928 600107 469390 1193  3.26 482    NA   .92 600    NA    NA   1.57  -1.02    .55   1.57  -1.02    .55
D06      1993       NA 19930506 19930928 597670 465310 1298  3.30 461    NA  1.98 600    NA    NA   1.52   -.33   1.19   1.52   -.33   1.19
D07      1993       NA 19930506 19930928 596177 460925 1394  3.75 461    NA  3.70 600    NA    NA   1.73    .49   2.22   1.73    .49   2.22
D08      1993       NA 19930506       NA 594604 454407 1488    NA  NA    NA    NA  NA    NA   .05    .88     NA     NA    .88     NA     NA
D09      1993       NA 19930501 19930928 595642 449108 1591  4.90 414    NA  5.55 600    NA   .05   2.03   1.10   3.33   2.03   1.15   3.38
D10      1993       NA 19930507 19930928 592529 472644 1191  3.62 506    NA    NA  NA   .17    NA   1.83  -2.00   -.17   1.83  -2.00   -.17
D11      1993       NA 19930507 19930929 587819 467256 1395  2.99 462    NA  2.68 600    NA    NA   1.38    .23   1.61   1.38    .23   1.61
D12      1993       NA 19930501 19930928 600129 445190 1649  5.24 454    NA  5.03 600    NA    NA   2.38    .64   3.02   2.38    .64   3.02
Dy12     1993       NA 19930507 19930929 581259 463236 1575  2.65 460    NA  2.93 600    NA    NA   1.22    .54   1.76   1.22    .54   1.76
G04      1993 19921003 19930501 19930908 583685 445612 1670  4.90 463    NA  4.93 600    NA    NA   2.27    .69   2.96   2.27    .69   2.96
Gv02     1993       NA 19930501 19930908 580964 438097 1496    NA  NA    NA    NA  NA    NA   .04     NA   -.13     NA     NA   -.10     NA
Gv03     1993       NA 19930501 19930908 582199 441150 1618    NA  NA    NA    NA  NA    NA   .04     NA    .27     NA     NA    .31     NA
K06      1993 19921005 19930510 19930929 570438 460326 1968  4.89 493    NA  4.60 600    NA   .09   2.41    .35   2.76   2.41    .44   2.85
S04      1993 19921003 19930509 19930907 558039 419232 1200  4.67 480    NA  2.20 600    NA    NA   2.24   -.92   1.32   2.24   -.92   1.32
Si03     1993 19921003 19930509 19931008 557221 414992 1131  5.06 498    NA  2.33 600    NA    NA   2.52  -1.12   1.40   2.52  -1.12   1.40
Si05     1993       NA 19930509 19930907 561242 423086 1306  5.81 453    NA  4.28 600    NA    NA   2.63   -.06   2.57   2.63   -.06   2.57
Ske-93   1993       NA 19930502       NA 589697 427758 1397  5.91 442    NA    NA  NA    NA    NA   2.61     NA     NA   2.61     NA     NA
T01      1993 19920928 19930511 19931008 542227 426080  767  2.38 601    NA    NA  NA  3.73    NA   1.43  -5.16  -3.73   1.43  -5.16  -3.73
T02      1993 19920929 19930511 19931008 545089 425420  991  2.88 535    NA    NA  NA  1.21    NA   1.54  -2.75  -1.21   1.54  -2.75  -1.21
T03      1993       NA 19930511 19931008 549511 426850 1126  3.35 519    NA    NA  NA   .04    NA   1.74  -1.78   -.04   1.74  -1.78   -.04
T04      1993       NA 19930510 19931008 554211 428460 1257  3.78 500    NA  1.65 600    NA    NA   1.89   -.90    .99   1.89   -.90    .99
T05      1993 19921004 19930510 19930908 562726 431361 1405  5.12 490    NA  3.32 600    NA    NA   2.51   -.52   1.99   2.51   -.52   1.99
T06      1993       NA 19930510 19930908 567476 434186 1505  4.86 490    NA  3.52 600    NA    NA   2.38   -.27   2.11   2.38   -.27   2.11
T07      1993       NA 19930509 19930908 571436 436421 1592  5.18 481    NA  4.22 600    NA    NA   2.49    .04   2.53   2.49    .04   2.53
T08      1993 19921005 19930509 19930908 574063 438267 1648  5.25 480    NA  4.28 600    NA    NA   2.52    .05   2.57   2.52    .05   2.57
Tu02     1993       NA 19930511 19931008 546082 425723 1028  2.19 502    NA    NA  NA  2.17    NA   1.10  -3.27  -2.17   1.10  -3.27  -2.17
Tu06     1993       NA 19930511 19931008 552761 427985 1226  3.21 498    NA   .88 600    NA    NA   1.60  -1.07    .53   1.60  -1.07    .53
Tu08     1993       NA 19930510 19930908 556505 429129 1297  3.75 491    NA    NA  NA    NA    NA   1.84     NA     NA   1.84     NA     NA
Tu14     1993       NA 19930511 19931008 543704 426069  902  2.55 549    NA    NA  NA  2.65    NA   1.40  -4.05  -2.65   1.40  -4.05  -2.65
