#stake     ar       d1       d2       d3      x      y    h   dw rhow   imw   ds rhos   ims  nswe bw_str bs_str ba_str bw_fld bs_fld ba_fld
B07      2011 20101007 20110511 20111020 630492 439245 1354  4.98 525    NA  2.58 600   .00   .34   2.61  -1.06   1.55   2.33   -.72   1.61
B09      2011 20101007 20110505 20111021 638440 475398  762   .15 590    NA    NA  NA  3.69   .02    .09  -3.78  -3.69    .09  -3.76  -3.67
B10      2011 20101007 20110505 20111021 637583 472830  813   .48 636    NA    NA  NA  3.40   .04    .30  -3.71  -3.40    .30  -3.67  -3.38
B11      2011 20101007 20110505 20111021 634803 467599  962  1.00 668    NA    NA  NA  2.00   .04    .67  -2.67  -2.00    .67  -2.63  -1.97
B12      2011 20101007 20110505 20111021 632092 462515 1077  2.11 613    NA    NA  NA   .20   .08   1.29  -1.49   -.20   1.27  -1.41   -.14
B13      2011 20101007 20110506 20111020 627934 455319 1212  3.12 551    NA  1.32 600   .00   .21   1.72   -.93    .79   1.69   -.72    .96
B14      2011 20101007 20110506 20111020 624224 449858 1310  3.55 511    NA  1.19 600   .00   .22   1.81  -1.10    .71   1.73   -.88    .85
B15      2011 20101007 20110506 20111020 620217 443853 1398  4.65 504    NA  2.39 600   .00   .36   2.34   -.91   1.43   2.17   -.55   1.62
B16      2011 20101008 20110506 20111021 610889 434329 1522  5.28 506    NA  3.30 600   .00   .39   2.67   -.69   1.98   2.34   -.30   2.03
B17      2011 20101007 20110506 20111020 620562 459169 1208  2.30 554    NA   .78 600   .00   .10   1.27   -.80    .47   1.25   -.70    .56
B18      2011 20101006 20110505 20111020 643860 450590 1308  4.79 460    NA  2.88 600   .00   .38   2.20   -.48   1.73   2.10   -.10   2.00
B19      2011 20101006 20110504 20111019 648158 444025 1427  6.16 496    NA  5.23 600   .00   .60   3.06    .08   3.14   2.65    .68   3.33
BB0      2011 20101006 20110503 20111019 640684 433979 1517  6.58 487    NA  5.08 600   .00   .59   3.21   -.16   3.04   2.81    .43   3.24
Bor      2011       NA 20110531 20111023 580202 435909 1399  4.94 560    NA  2.67 600   .00   .31   2.78  -1.18   1.60   2.78   -.87   1.91
Borth-low 2011 20101010 20110508 20111023 581003 436252 1396  5.10 450    NA   .24 600   .00   .35   2.29  -2.15    .14   2.29  -1.80    .49
Borth-ridge 2011 20101010 20110508 20111023 581003 436252 1396  5.10 450    NA  1.96 600   .00    NA   2.29  -1.12   1.18   2.29  -1.12   1.18
Br1      2011 20101013 20110501 20111001 630441 401540  124    NA  NA  1.91    NA  NA 10.19   .00  -1.91 -10.19 -12.10  -1.91 -10.19 -12.10
Br2      2011 20101013 20110501 20111001 627881 403098  249    NA  NA  1.10    NA  NA  6.80   .00  -1.10  -6.80  -7.90  -1.10  -6.80  -7.90
Br3      2011 20101013 20110501 20111001 626408 407001  412   .75 500    NA    NA  NA  5.65   .00    .35  -6.00  -5.65    .35  -6.00  -5.65
Br7      2011 20101012 20110511 20111020 631199 432483 1245  4.78 520    NA  1.81 600   .00   .19   2.49  -1.40   1.09   2.37  -1.21   1.16
Bru      2011 20101006 20110505 20111020 646933 468265  782   .44 510    NA    NA  NA  3.31   .04    .23  -3.53  -3.31    .23  -3.50  -3.27
Bud      2011 20101006 20110505 20111020 643650 458808 1131  2.90 537    NA   .59 600   .00   .13   1.56  -1.20    .36   1.54  -1.07    .47
D05      2011 20101011 20110507 20111021 599638 468616 1199  1.64 504    NA    NA  NA   .94   .05    .83  -1.77   -.94    .83  -1.72   -.89
D07      2011 20101011 20110507 20111021 596195 461200 1365  3.41 528    NA   .52 600   .00   .17   1.80  -1.49    .31   1.72  -1.32    .40
D09      2011 20101011 20110507 20111021 595530 449114 1577  5.29 493    NA  3.57 600   .00   .38   2.61   -.47   2.14   2.36   -.09   2.28
D12      2011 20101008 20110507 20111021 596039 443900 1645  5.47 451    NA  2.86 600   .00   .55   2.46   -.75   1.72   2.30   -.20   2.10
E01      2011 20101007 20110504 20111020 664210 470127  684   .15 740    NA    NA  NA  4.54   .04    .11  -4.65  -4.54    .11  -4.62  -4.50
E02      2011 20101007 20110504 20111020 662405 465599  953  2.03 656    NA    NA  NA  1.27   .16   1.33  -2.60  -1.27   1.33  -2.44  -1.11
E03      2011 20101007 20110504 20111020 661914 460945 1184  4.39 565    NA  3.04 600   .00   .17   2.48   -.66   1.82   2.38   -.49   1.89
E04      2011 20101007 20110504 20111020 661950 457777 1285  6.16 527    NA  5.14 600   .00   .10   3.25   -.16   3.09   3.14   -.06   3.09
Fl01     2011 20101006 20110504 20111019 648186 440415 1327  7.07 492    NA  4.83 600   .00   .41   3.48   -.58   2.90   3.30   -.17   3.13
G02      2011 20101010 20110531 20111023 582066 439530 1558  4.91 479    NA  1.50 600   .00   .21   2.35  -1.45    .90   2.10  -1.24    .86
G03      2011 20101010 20110531 20111023 583080 442507 1652  5.61 486    NA  2.83 600   .00   .44   2.73  -1.03   1.70   2.44   -.59   1.85
G04      2011 20101010 20110507 20111023 584096 445420 1682  5.65 444    NA  3.05 600   .00   .42   2.51   -.68   1.83   2.16   -.26   1.90
Gb1      2011 20101006 20110505 20111020 643732 455249 1197  4.01 490    NA  1.82 600   .00   .17   1.96   -.87   1.09   1.96   -.70   1.26
Go1      2011 20101010 20110531 20111024 575935 452652 1755  5.15 487    NA  1.82 600   .00   .27   2.51  -1.42   1.09   2.26  -1.15   1.10
Hof01    2011 20101007 20110504 20111019 663189 452986 1137  5.33 624    NA  2.86 600   .00   .15   3.33  -1.61   1.72   3.22  -1.46   1.76
Hosp     2011 20100930 20110501 20111001 669587 441244   73    NA  NA  1.85    NA  NA  8.70   .00  -1.85  -8.70 -10.55  -1.85  -8.70 -10.55
K01      2011 20101011 20110510 20111024 554003 454526 1018  1.91 732    NA    NA  NA  3.37   .02   1.40  -4.77  -3.37   1.40  -4.75  -3.35
K02      2011 20101011 20110510 20111024 556133 453751 1178  2.26 594    NA    NA  NA  1.50   .09   1.34  -2.84  -1.50   1.34  -2.75  -1.41
K03      2011 20101011 20110510 20111024 558800 452723 1298  2.62 645    NA    NA  NA  2.29   .07   1.69  -3.98  -2.29   1.67  -3.91  -2.23
K04      2011 20101011 20110510 20111024 562151 450860 1489  3.80 500    NA    NA  NA   .76    NA   1.90  -2.66   -.76   1.90  -2.66   -.77
K05      2011 20101010 20110510 20111024 567546 451447 1679  4.76 475    NA   .65 600   .00   .35   2.26  -1.87    .39   2.09  -1.52    .57
K06      2011 20101010 20110531 20111024 570615 460602 1965  5.08 486    NA  3.91 600   .00   .58   2.47   -.12   2.35   2.27    .46   2.74
K07      2011 20101011 20110510 20111024 562431 443271 1533  5.08 492    NA  2.48 600   .00    NA   2.50  -1.01   1.49   2.40  -1.01   1.39
S01      2011 20110111 20110509 20111023 556850 402052  748  1.77 628    NA    NA  NA  4.36   .05   1.11  -5.47  -4.36   1.08  -5.42  -4.34
S02      2011 20110111 20110509 20111023 557450 411619 1010  3.43 613    NA    NA  NA  2.54   .16   2.11  -4.65  -2.54   1.93  -4.49  -2.55
S04low   2011 20101010 20110509 20111023 557950 419176 1160  3.88 572    NA    NA  NA  1.71   .53   2.22  -3.93  -1.71   2.22  -3.41  -1.19
S04ridge 2011 20101010 20110509 20111023 557950 419176 1160  3.88 572    NA  3.70 600   .00    NA   2.22    .00   2.22   2.22    .00   2.22
Skf01    2011 20101006 20110503 20111019 641120 425234 1281  7.02 520    NA  3.50 600   .00   .35   3.65  -1.55   2.10   3.46  -1.20   2.26
T01      2011 20110111 20110509 20111023 541729 425008  759  1.02 616    NA    NA  NA  5.11   .00    .63  -5.74  -5.11    .59  -5.74  -5.15
T02      2011 20110111 20110509 20111023 545169 425293  947  2.94 627    NA    NA  NA  3.05   .04   1.84  -4.89  -3.05   1.63  -4.86  -3.22
T03      2011 20101009 20110508 20111023 549442 426438 1077  2.75 600    NA    NA  NA  2.35   .14   1.66  -4.01  -2.35   1.66  -3.87  -2.21
T04      2011 20101009 20110508 20111023 555099 428672 1222  3.13 601    NA    NA  NA  2.57    NA   1.88  -4.45  -2.57   1.87  -4.45  -2.58
T05low   2011 20101009 20110508 20111023 561985 430586 1343  4.49 527    NA    NA  NA   .14   .07   2.37  -2.51   -.14   2.37  -2.44   -.07
T05ridge 2011 20101009 20110508 20111023 561985 430586 1343  4.49 527    NA  3.94 600   .00    NA   2.37    .00   2.37   2.37    .00   2.37
T06low   2011 20101009 20110508 20111024 567002 434344 1456  5.21 552    NA  2.79 600   .00   .63   2.72  -1.05   1.67   2.72   -.42   2.30
T06ridge 2011 20101009 20110508 20111024 567002 434344 1456  5.21 552    NA  3.56 600   .00    NA   2.72   -.58   2.14   2.72   -.58   2.14
T07low   2011 20101009 20110508 20111024 571385 436393 1561  5.27 500    NA  2.06 600   .00    NA   2.63  -1.40   1.24   2.63  -1.40   1.24
T07ridge 2011 20101009 20110508 20111024 571385 436393 1561  5.27 500    NA  3.46 600   .00   .37   2.63   -.56   2.08   2.63   -.19   2.44
T08low   2011 20101009 20110508 20111023 574002 438289 1633  5.51 424    NA  1.39 600   .00   .17   2.33  -1.50    .83   2.33  -1.32   1.01
T08ridge 2011 20101009 20110508 20111023 574002 438289 1633  5.51 424    NA  3.89 600   .00    NA   2.33    .00   2.33   2.33    .00   2.33
