#stake     ar       d1       d2       d3      x      y    h   dw rhow   imw   ds rhos   ims  nswe bw_str bs_str ba_str bw_fld bs_fld ba_fld
B07      2020 20191018 20200604 20201009 630464 439245 1356  4.51 471    NA  1.49 600   .00   .23   2.13  -1.24    .89   1.93  -1.01    .92
B09      2020 20191019 20200430 20201009 638158 474994  717   .15 450    NA    NA  NA  5.83   .04    .07  -5.90  -5.83    .06  -5.87  -5.80
B10      2020 20191019 20200430 20201009 637586 472834  771   .15 600    NA    NA  NA  4.53   .04    .10  -4.63  -4.53    .10  -4.59  -4.49
B11      2020 20191019 20200430 20201009 634822 467592  948  1.69 606    NA    NA  NA  2.76   .07   1.02  -3.78  -2.76    .99  -3.71  -2.72
B12      2020 20191019 20200430 20201009 632122 462509 1076  2.62 502    NA    NA  NA  1.42   .10   1.31  -2.73  -1.42   1.21  -2.63  -1.42
B13      2020 20191019 20200501 20201009 628031 455472 1218  3.47 458    NA    NA  NA   .01   .16   1.59  -1.60   -.01   1.44  -1.44   -.01
B14      2020 20191019 20200430 20201009 624217 449851 1318  3.75 468    NA  1.15 600   .00   .17   1.76  -1.07    .69   1.50   -.90    .60
B15      2020 20191019 20200430 20201009 620191 443835 1401  4.59 477    NA  2.08 600   .00   .19   2.19   -.94   1.25   1.88   -.75   1.12
B16      2020 20191019 20200501 20201009 611789 435398 1527  5.03 485    NA  2.42 600   .00   .35   2.44   -.99   1.45   2.09   -.64   1.45
B17      2020 20191019 20200430 20201009 620568 459170 1216  3.31 456    NA    NA  NA   .46   .09   1.51  -1.97   -.46   1.30  -1.88   -.57
B18      2020 20191018 20200429 20201008 643868 450571 1314  4.47 486    NA  1.23 600   .00   .30   2.17  -1.43    .74   1.93  -1.13    .80
B19      2020 20191018 20200429 20201008 647494 444112 1437  6.11 446    NA  3.88 600   .00   .40   2.73   -.40   2.33   2.10    .00   2.10
Barc     2020       NA 20200503 20201010 574278 460807 1896  5.07 470    NA  4.17 600   .00   .24   2.38    .12   2.50   2.38    .37   2.75
BB0      2020 20191018 20200429 20201008 640687 433959 1517  5.15 460    NA  2.81 600   .00   .35   2.48   -.79   1.69   1.99   -.44   1.55
Bor      2020 20191022 20200503 20201012 580209 435909 1439  4.15 493    NA   .86 600   .00   .35   2.05  -1.53    .52   1.83  -1.18    .65
Borth    2020 20191022 20200502 20201012 580977 436093 1444  4.98 470    NA  1.38 600   .00   .40   2.34  -1.51    .83   2.12  -1.12   1.00
Br1      2020 20191127 20200501 20201010 630133 402345  112    NA  NA   .47    NA  NA  9.01   .00   -.47  -9.01  -9.48   -.47  -9.01  -9.48
Br2      2020 20191127 20200501 20201010 627899 402999  189   .00   0    NA    NA  NA  7.98   .00    .25  -8.23  -7.98    .25  -8.23  -7.98
Br3      2020 20191128 20200501 20201010 626537 406808  367  1.65 500    NA    NA  NA  4.91   .00    .82  -5.73  -4.91    .82  -5.73  -4.91
Br5      2020       NA 20200505       NA 630037 416418  672  1.54 518    NA    NA 600    NA    NA    .80     NA     NA    .80     NA     NA
Br7      2020 20191018 20200505 20201009 631195 432470 1244  4.82 523    NA   .76 600   .00   .24   2.52  -2.06    .46   2.29  -1.82    .47
Bru      2020 20191019 20200430 20201008 645992 465904  895  1.76 550    NA    NA  NA  3.23   .02    .96  -4.19  -3.23    .92  -4.17  -3.25
Bud      2020 20191018 20200430 20201008 643668 458811 1141  3.52 474    NA    NA  NA   .77   .12   1.67  -2.44   -.77   1.45  -2.32   -.87
D05      2020 20191020 20200502 20201010 599594 468618 1202  2.79 447    NA    NA  NA   .88   .05   1.25  -2.13   -.88   1.16  -2.08   -.92
D07      2020 20191020 20200502 20201010 596201 461182 1375  3.40 470    NA   .77 600   .00   .21   1.60  -1.14    .46   1.46   -.93    .53
D09      2020 20191020 20200502 20201010 595510 449081 1585  3.93 473    NA  2.17 600   .00   .26   1.86   -.55   1.30   1.71   -.30   1.41
D12      2020 20191020 20200502 20201010 596008 443867 1648  4.67 472    NA  3.31 600   .00   .33   2.20   -.22   1.99   1.94    .12   2.06
E01      2020 20191019 20200429 20201008 663157 468435  759   .96 567    NA    NA  NA  5.51   .04    .55  -6.06  -5.51    .55  -6.02  -5.47
E02      2020 20191019 20200429 20201008 662401 465578  950  1.50 579    NA    NA  NA  3.79   .05    .87  -4.66  -3.79    .83  -4.61  -3.77
E03      2020 20191019 20200429 20201008 661921 460967 1187  3.67 494    NA   .67 600   .00   .35   1.81  -1.41    .40   1.66  -1.06    .60
E04      2020 20191019 20200429 20201008 661894 457789 1287  5.10 478    NA  1.81 600   .00   .35   2.44  -1.35   1.09   2.19  -1.00   1.19
E07      2020       NA 20200429 20201013 671472 464745 1071  3.87 480    NA    NA  NA   .86   .05   1.86  -2.72   -.86   1.86  -2.67   -.81
E08      2020       NA 20200429 20201013 671991 467213  952  2.40 503    NA    NA  NA  2.27   .04   1.21  -3.48  -2.27   1.21  -3.44  -2.23
E09      2020       NA 20200429 20201013 668450 467522  978  3.22 536    NA    NA  NA  1.70   .05   1.73  -3.43  -1.70   1.73  -3.38  -1.65
E10      2020       NA 20200429       NA 667152 465888 1290  7.26 526    NA    NA 600    NA    NA   3.81     NA     NA   3.81     NA     NA
Fl01     2020 20191018 20200429 20201008 647950 440714 1346  5.78 487    NA  3.00 600   .00   .24   2.81  -1.01   1.80   2.41   -.77   1.64
G02      2020 20191020 20200502 20201012 582067 439529 1565  3.84 470    NA  2.03 600   .00   .26   1.80   -.58   1.22   1.72   -.32   1.40
G03      2020 20191020 20200502 20201012 583098 442490 1658  3.93 466    NA  2.46 600   .00   .35   1.83   -.35   1.48   1.60   -.00   1.59
G04      2020 20191020 20200502 20201012 584058 445465 1687  4.05 486    NA  2.63 600   .00   .33   1.97   -.39   1.58   1.83   -.06   1.77
Go1      2020 20191020 20200503 20201010 575936 452589 1759  4.11 483    NA  2.82 600   .00   .29   1.99   -.30   1.69   1.80   -.01   1.79
Haab     2020 20191020 20200503 20201010 577206 428433 1729  4.38 450    NA  3.23 600   .00   .56   1.97   -.03   1.94   1.78    .53   2.31
Hof01    2020 20191019 20200429 20201008 663200 452993 1140  3.80 458    NA   .15 600   .00   .12   1.74  -1.65    .09   1.62  -1.53    .09
K01      2020 20191020 20200503 20201012 554420 454348 1045  2.09 560    NA    NA  NA  2.95   .02   1.18  -4.13  -2.95   1.18  -4.11  -2.93
K02      2020 20191020 20200503 20201012 556144 453715 1168  1.86 566    NA    NA  NA  2.00   .07   1.05  -3.05  -2.00   1.04  -2.98  -1.93
K03      2020 20191020 20200503 20201012 558790 452704 1292  2.22 430    NA    NA  NA  1.26   .19    .96  -2.22  -1.26    .94  -2.03  -1.08
K04      2020 20191020 20200503 20201012 562140 450864 1485  3.10 476    NA   .67 600   .00   .17   1.48  -1.07    .40   1.44   -.90    .54
K05      2020 20191020 20200503 20201012 567561 451416 1677  3.93 447    NA  2.17 600   .00   .28   1.76   -.46   1.30   1.52   -.18   1.35
K06      2020 20191020 20200503 20201010 570653 460610 1944  4.88 443    NA  4.30 600   .00   .41   2.16    .42   2.58   1.72    .83   2.55
K07      2020 20191020 20200503 20201012 562471 443241 1530  3.35 471    NA  1.21 600   .00   .28   1.58   -.85    .73   1.55   -.57    .97
Oer01    2020       NA 20200502       NA 614985 390426 1825  9.68 489    NA    NA 600    NA    NA   4.74     NA     NA   4.74     NA     NA
S01      2020 20191129 20200503 20201010 556867 402078  712  1.11 542    NA    NA  NA  4.82   .00    .60  -5.42  -4.82    .60  -5.42  -4.82
S02      2020 20191021 20200503 20201010 557494 411650 1000  3.82 556    NA    NA  NA   .72   .08   2.12  -2.84   -.72   2.12  -2.76   -.64
S04      2020 20191021 20200503 20201010 557995 419125 1155  3.45 514    NA    NA  NA   .16   .14   1.77  -1.93   -.16   1.68  -1.79   -.11
S05      2020 20191021 20200503 20201010 569268 427417 1449  4.10 467    NA  1.70 600   .00   .32   1.91   -.89   1.02   1.80   -.57   1.23
Ske02    2020       NA 20200501 20201010 596877 419611 1179  3.67 477    NA   .16 600   .00   .14   1.75  -1.65    .10   1.75  -1.51    .24
Ske03    2020       NA 20200501 20201010 599891 423703 1299  5.01 487    NA  2.06 600   .00   .23   2.44  -1.20   1.24   2.44   -.98   1.46
Ske04    2020 20191019 20200501 20201010 603260 427677 1398  4.33 481    NA  1.80 600   .00   .23   2.08  -1.00   1.08   2.08   -.77   1.31
Ske05    2020 20191019 20200501 20201010 606813 431696 1473  4.79 470    NA  2.21 600   .00   .32   2.25   -.92   1.33   1.99   -.61   1.38
Skf00    2020 20191022 20200428 20201008 650161 420953  946  4.06 525    NA    NA  NA   .46   .00   2.13  -2.59   -.46   2.13  -2.59   -.46
Skf01    2020 20191018 20200428 20201008 641133 425235 1282  5.82 493    NA  2.60 600   .00   .24   2.86  -1.30   1.56   2.51  -1.06   1.46
T02-20   2020 20191021 20200504 20201012 544677 425031  889  1.65 589    NA    NA  NA  3.36   .00    .97  -4.33  -3.36    .97  -4.33  -3.36
T03      2020 20191021 20200504 20201012 549480 426459 1065  1.54 540    NA    NA  NA  2.65   .09    .83  -3.48  -2.65    .83  -3.39  -2.56
T04      2020 20191021 20200504 20201012 555138 428651 1219  3.34 501    NA    NA  NA   .03   .13   1.70  -1.73   -.03   1.61  -1.60    .01
T05      2020 20191021 20200504 20201012 561966 430526 1344  3.83 465    NA   .93 600   .00   .22   1.78  -1.22    .56   1.63  -1.00    .63
T06      2020 20191021 20200504 20201012 567089 434348 1466  4.04 480    NA  1.93 600   .00   .24   1.92   -.76   1.16   1.77   -.52   1.26
T07      2020 20191020 20200504 20201012 571313 436354 1562  4.18 468    NA  2.33 600   .00   .30   1.95   -.55   1.40   1.85   -.25   1.59
T08      2020 20191020 20200503 20201010 574038 438274 1635  4.04 466    NA  2.60 600   .00   .29   1.88   -.32   1.56   1.70   -.03   1.67
