#stake     ar       d1       d2       d3      x      y    h   dw rhow   imw   ds rhos   ims  nswe bw_str bs_str ba_str bw_fld bs_fld ba_fld
B07      2014 20131003 20140507 20141011 630477 439239 1355  4.63 511    NA  1.88 600   .00   .25   2.37  -1.24   1.13   2.30   -.99   1.32
B09      2014 20131003 20140506 20141012 638441 475389  745  1.44 570    NA    NA  NA  4.30   .00    .81  -5.12  -4.30    .81  -5.12  -4.30
B10      2014 20131003 20140506 20141012 637585 472834  801  1.52 554    NA    NA  NA  4.00  3.50    .84  -4.84  -4.00    .84  -1.34   -.50
B11      2014 20131003 20140506 20141012 634822 467633  957  2.79 517    NA    NA  NA  1.82   .04   1.44  -3.26  -1.82   1.44  -3.22  -1.78
B12      2014 20131003 20140506 20141012 632127 462526 1074  3.10 502    NA    NA  NA  1.28 14.00   1.56  -2.83  -1.28   1.49  11.16  12.65
B13      2014 20131003 20140506 20141012 627964 455357 1213  3.46 506    NA   .10 600   .00   .13   1.75  -1.69    .06   1.69  -1.56    .13
B14      2014 20131003 20140505 20141012 624215 449850 1312  4.20 497    NA  1.22 600   .00   .25   2.09  -1.35    .73   2.03  -1.10    .93
B15      2014 20131003 20140505 20141012 620200 443826 1397  4.39 471    NA  1.72 600   .00   .30   2.07  -1.03   1.03   2.00   -.74   1.26
B16      2014 20131007 20140505 20141016 611816 435396 1523  4.56 481    NA  2.44 600   .00   .37   2.19   -.73   1.46   2.05   -.36   1.69
B17      2014 20131003 20140506 20141012 620570 459175 1210  3.51 496    NA   .32 600   .00   .13   1.74  -1.55    .19   1.72  -1.42    .31
B18      2014 20131002 20140506 20141011 643867 450621 1310  4.93 509    NA  1.80 600   .00   .18   2.51  -1.43   1.08   2.42  -1.25   1.17
B19      2014 20131002 20140507 20141011 648161 444029 1428  6.17 480    NA  3.69 600   .00   .33   2.96   -.75   2.21   2.90   -.43   2.48
BB0      2014 20131002 20140507 20141011 640689 433975 1517  6.32 494    NA  3.82 600   .00   .48   3.12   -.83   2.29   3.10   -.36   2.74
Bor      2014 20131004 20140604 20141015 580201 435911 1397  3.11 600    NA    NA  NA   .11   .39   1.86  -1.97   -.11   1.76  -1.58    .17
Borth    2014 20131006 20140604 20141015 581000 436208 1398  3.05 600    NA    NA  NA   .53   .40   1.83  -2.35   -.53   1.70  -1.95   -.26
Br1      2014 20131008 20140501 20140930 630420 401600  107    NA  NA  1.57    NA  NA  9.16   .00  -1.57  -9.16 -10.73  -1.57  -9.16 -10.73
Br2      2014       NA 20140507 20140930 627890 403048  229    NA  NA   .50    NA  NA  7.53    NA   -.50  -7.53  -8.03   -.50  -7.53  -8.03
Br3      2014       NA 20140507       NA 626460 406928  398   .60 600    NA    NA 600    NA    NA    .26     NA     NA    .26     NA     NA
Br4      2014 20131001 20140507 20140930 629421 411188  524   .90 560    NA    NA  NA  6.12    NA    .50  -6.62  -6.12    .50  -6.62  -6.12
Br7      2014 20131003 20140507 20141011 631181 432490 1244  5.07 521    NA   .39 600   .00   .21   2.64  -2.41    .23   2.61  -2.20    .41
Bru      2014 20131002 20140506 20141011 646932 468278  769  1.38 596    NA    NA  NA  4.72   .00    .82  -5.55  -4.72    .82  -5.55  -4.72
Bud      2014 20131002 20140506 20141011 643665 458803 1133  4.05 514    NA    NA  NA   .09   .06   2.08  -2.17   -.09   2.07  -2.11   -.04
D05      2014 20131004 20140505 20141013 599612 468637 1199  3.51 493    NA    NA  NA   .32   .21   1.73  -2.05   -.32   1.72  -1.84   -.13
D07      2014 20131004 20140505 20141013 596196 461184 1368  3.61 476    NA   .68 600   .00   .19   1.72  -1.31    .41   1.68  -1.12    .56
D09      2014 20131004 20140505 20141013 595542 449106 1578  3.85 473    NA  1.88 600   .00   .34   1.82   -.69   1.13   1.70   -.35   1.34
D12      2014 20131003 20140505 20141013 596038 443888 1644  4.12 492    NA  2.64 600   .00   .39   1.98   -.40   1.58   1.84   -.01   1.83
E01      2014 20131002 20140507 20141011 664141 470011  678  1.53 600    NA    NA  NA  5.02   .00    .92  -5.94  -5.02    .92  -5.94  -5.02
E02      2014 20131002 20140507 20141011 662408 465593  952  3.72 563    NA    NA  NA  1.86   .04   2.09  -3.95  -1.86   2.08  -3.91  -1.83
E03      2014 20131002 20140507 20141011 661912 460983 1185  5.11 491    NA  1.10 600   .00   .12   2.51  -1.85    .66   2.39  -1.73    .66
E04      2014 20131002 20140506 20141011 661926 457792 1286  5.56 492    NA  2.44 600   .00   .25   2.73  -1.27   1.46   2.59  -1.02   1.57
Fl01     2014 20131002 20140507 20141011 647950 440722 1344  6.12 487    NA  3.43 600   .00   .30   2.98   -.92   2.06   2.93   -.62   2.30
G02      2014 20131004 20140602 20141015 582041 439504 1557  3.26 479    NA  1.60 600   .00   .39   1.56   -.60    .96   1.37   -.21   1.16
G03      2014 20131004 20140602 20141015 583083 442505 1652  3.94 486    NA  2.48 600   .00   .40   1.91   -.42   1.49   1.75   -.02   1.74
G04      2014 20131004 20140602 20141015 584061 445451 1682  3.60 530    NA  2.23 600   .00   .34   1.90   -.56   1.34   1.77   -.22   1.55
Gb2      2014 20131002 20140506 20141011 643723 455304 1198  4.31 505    NA   .72 600   .00   .13   2.18  -1.75    .43   2.18  -1.61    .56
Go1      2014 20131004 20140602 20141015 575953 452669 1755  3.86 498    NA  2.53 600   .00   .41   1.92   -.40   1.52   1.74    .01   1.75
Haab     2014 20131005 20140609 20141014 577235 428425 1726  4.04 490    NA  2.06 600   .00   .56   1.98   -.74   1.24   1.70   -.18   1.52
Hof01    2014 20131002 20140506 20141011 663194 452977 1138  4.30 580    NA   .72 600   .00   .21   2.48  -2.05    .43   2.39  -1.84    .56
K01      2014 20131004 20140505 20141015 554447 454347 1058  1.63 570    NA    NA  NA  3.58   .00    .93  -4.51  -3.58    .93  -4.51  -3.58
K02      2014 20131004 20140505 20141015 556145 453731 1175  1.74 491    NA    NA  NA  2.65   .14    .85  -3.51  -2.65    .82  -3.37  -2.55
K03      2014 20131004 20140505 20141015 558803 452722 1294  1.97 520    NA    NA  NA  1.84   .15   1.02  -2.87  -1.84    .95  -2.72  -1.77
K04      2014 20131004 20140505 20141015 562142 450860 1484  2.42 509    NA    NA  NA   .25   .26   1.23  -1.48   -.25   1.05  -1.22   -.17
K05      2014 20131004 20140505 20141016 567584 451424 1678  3.60 466    NA  2.10 600   .00   .37   1.68   -.42   1.26   1.40   -.04   1.35
K06      2014 20131004 20140602 20140911 570618 460614 1965  4.60 474    NA  4.16 600   .00   .16   2.18    .32   2.50   1.77    .48   2.25
K07      2014 20131004 20140505 20141016 562487 443254 1531  2.51 454    NA   .45 600   .00   .27   1.14   -.87    .27    .91   -.60    .30
S01      2014 20131005 20140504 20141014 556856 402072  737  1.69 664    NA    NA  NA  3.41   .02   1.12  -4.53  -3.41   1.12  -4.52  -3.39
S02      2014 20131005 20140504 20141014 557507 411658 1007  2.69 597    NA    NA  NA  2.21   .17   1.61  -3.82  -2.21   1.60  -3.65  -2.05
S04      2014 20131005 20140504 20141014 557972 419163 1157  2.64 536    NA    NA  NA  1.46   .17   1.42  -2.87  -1.46   1.33  -2.70  -1.37
Skf01    2014 20131002 20140507 20141011 641132 425199 1280  6.85 490    NA  3.44 600   .00   .33   3.36  -1.30   2.06   3.28   -.97   2.31
T01      2014 20131005 20140504 20141014 541724 425008  741   .37 470    NA    NA  NA  6.27   .04    .17  -6.45  -6.27    .17  -6.41  -6.23
T02      2014 20131005 20140504 20141014 545159 425269  938  1.99 600    NA    NA  NA  3.32   .10   1.20  -4.52  -3.32   1.20  -4.41  -3.22
T03      2014 20131005 20140504 20141014 549467 426471 1073  2.00 562    NA    NA  NA  2.11   .17   1.12  -3.23  -2.11   1.12  -3.06  -1.93
T04      2014 20131005 20140504 20141014 555127 428665 1219  2.83 523    NA    NA  NA  1.25   .22   1.48  -2.73  -1.25   1.45  -2.51  -1.06
T05      2014 20131005 20140504 20141014 561945 430558 1341  2.97 457    NA    NA  NA   .52    NA   1.36  -1.88   -.52   1.25  -1.88   -.63
T06      2014 20131005 20140504 20141014 567072 434372 1462  3.63 490    NA  1.47 600   .00   .33   1.78   -.90    .88   1.64   -.56   1.07
T07      2014 20131005 20140504 20141014 571317 436344 1560  3.23 469    NA  1.18 600   .00   .36   1.51   -.80    .71   1.35   -.45    .91
T08      2014 20131004 20140504 20141014 574017 438309 1633  3.67 476    NA  1.86 600   .00   .40   1.75   -.63   1.12   1.55   -.24   1.31
